 ‰»Î£∫
30 50
7.1 2.6
3.4 5.9
8.2 3
2.3 1.9
0.1 6.6
8.8 8.5
1.2 9.4
5.7 0.8
1 0.3
6.8 4.4
0.5 0.5
3.3 0.1
3.7 4.1
6.9 8.2
9.8 7.6
2.4 0.1
2.6 1.2
8.3 8.1
1.6 7.3
2.6 3.2
1.8 7.4
4.3 5.4
5.2 6.2
7.1 4.1
2.2 1.9
6.5 1
6.8 6.5
0.8 5.3
4 5.6
4 5.3
2.4 7
7.2 6.6
1.6 5.8
3.4 2.2
1 7.2
1.9 3.3
2.8 9.6
1.3 8.8
3.4 6.8
9.8 4.5
2.9 4.4
3.1 6.1
7.9 7.8
3.3 7.8
6 0.6
7.4 6.6
4.4 1.1
5.6 5.9
5.4 8.3
1.7 4.8

 ‰≥ˆ£∫
106.3
1 0
2 1
3 0
4 0
5 1
6 0
7 1
8 0
9 0
10 0
11 1
12 0
13 0
14 0
15 0
16 0
17 0
18 0
19 1
20 0
21 1
22 0
23 0
24 0
25 0
26 0
27 0
28 1
29 0
30 0
31 1
32 0
33 1
34 0
35 1
36 0
37 1
38 1
39 1
40 0
41 0
42 1
43 0
44 1
45 0
46 0
47 0
48 0
49 0
50 1